{
 "cells": [
  {
   "cell_type": "code",
   "execution_count": 1,
   "metadata": {
    "collapsed": true
   },
   "outputs": [],
   "source": [
    "import numpy as np"
   ]
  },
  {
   "cell_type": "code",
   "execution_count": 2,
   "metadata": {
    "collapsed": true
   },
   "outputs": [],
   "source": [
    "arr=np.arange(50)"
   ]
  },
  {
   "cell_type": "code",
   "execution_count": 3,
   "metadata": {
    "collapsed": false
   },
   "outputs": [
    {
     "data": {
      "text/plain": [
       "array([ 0,  1,  2,  3,  4,  5,  6,  7,  8,  9, 10, 11, 12, 13, 14, 15, 16,\n",
       "       17, 18, 19, 20, 21, 22, 23, 24, 25, 26, 27, 28, 29, 30, 31, 32, 33,\n",
       "       34, 35, 36, 37, 38, 39, 40, 41, 42, 43, 44, 45, 46, 47, 48, 49])"
      ]
     },
     "execution_count": 3,
     "metadata": {},
     "output_type": "execute_result"
    }
   ],
   "source": [
    "arr"
   ]
  },
  {
   "cell_type": "code",
   "execution_count": 4,
   "metadata": {
    "collapsed": true
   },
   "outputs": [],
   "source": [
    "arr=arr.reshape([5,10])"
   ]
  },
  {
   "cell_type": "code",
   "execution_count": 5,
   "metadata": {
    "collapsed": false
   },
   "outputs": [
    {
     "data": {
      "text/plain": [
       "array([[ 0,  1,  2,  3,  4,  5,  6,  7,  8,  9],\n",
       "       [10, 11, 12, 13, 14, 15, 16, 17, 18, 19],\n",
       "       [20, 21, 22, 23, 24, 25, 26, 27, 28, 29],\n",
       "       [30, 31, 32, 33, 34, 35, 36, 37, 38, 39],\n",
       "       [40, 41, 42, 43, 44, 45, 46, 47, 48, 49]])"
      ]
     },
     "execution_count": 5,
     "metadata": {},
     "output_type": "execute_result"
    }
   ],
   "source": [
    "arr"
   ]
  },
  {
   "cell_type": "code",
   "execution_count": 6,
   "metadata": {
    "collapsed": false
   },
   "outputs": [
    {
     "data": {
      "text/plain": [
       "array([[ 0, 10, 20, 30, 40],\n",
       "       [ 1, 11, 21, 31, 41],\n",
       "       [ 2, 12, 22, 32, 42],\n",
       "       [ 3, 13, 23, 33, 43],\n",
       "       [ 4, 14, 24, 34, 44],\n",
       "       [ 5, 15, 25, 35, 45],\n",
       "       [ 6, 16, 26, 36, 46],\n",
       "       [ 7, 17, 27, 37, 47],\n",
       "       [ 8, 18, 28, 38, 48],\n",
       "       [ 9, 19, 29, 39, 49]])"
      ]
     },
     "execution_count": 6,
     "metadata": {},
     "output_type": "execute_result"
    }
   ],
   "source": [
    "arr.T"
   ]
  },
  {
   "cell_type": "code",
   "execution_count": 7,
   "metadata": {
    "collapsed": false
   },
   "outputs": [
    {
     "data": {
      "text/plain": [
       "array([[3000, 3100, 3200, 3300, 3400, 3500, 3600, 3700, 3800, 3900],\n",
       "       [3100, 3205, 3310, 3415, 3520, 3625, 3730, 3835, 3940, 4045],\n",
       "       [3200, 3310, 3420, 3530, 3640, 3750, 3860, 3970, 4080, 4190],\n",
       "       [3300, 3415, 3530, 3645, 3760, 3875, 3990, 4105, 4220, 4335],\n",
       "       [3400, 3520, 3640, 3760, 3880, 4000, 4120, 4240, 4360, 4480],\n",
       "       [3500, 3625, 3750, 3875, 4000, 4125, 4250, 4375, 4500, 4625],\n",
       "       [3600, 3730, 3860, 3990, 4120, 4250, 4380, 4510, 4640, 4770],\n",
       "       [3700, 3835, 3970, 4105, 4240, 4375, 4510, 4645, 4780, 4915],\n",
       "       [3800, 3940, 4080, 4220, 4360, 4500, 4640, 4780, 4920, 5060],\n",
       "       [3900, 4045, 4190, 4335, 4480, 4625, 4770, 4915, 5060, 5205]])"
      ]
     },
     "execution_count": 7,
     "metadata": {},
     "output_type": "execute_result"
    }
   ],
   "source": [
    "np.dot(arr.T,arr)\n",
    "#dot product of matrices"
   ]
  },
  {
   "cell_type": "code",
   "execution_count": 8,
   "metadata": {
    "collapsed": true
   },
   "outputs": [],
   "source": [
    "#3 dimensnal matrix"
   ]
  },
  {
   "cell_type": "code",
   "execution_count": 17,
   "metadata": {
    "collapsed": false
   },
   "outputs": [],
   "source": [
    "arr3d=np.arange(40).reshape(2,10,2)\n",
    "# 2*10*2=40"
   ]
  },
  {
   "cell_type": "code",
   "execution_count": 18,
   "metadata": {
    "collapsed": false
   },
   "outputs": [
    {
     "data": {
      "text/plain": [
       "array([[[ 0,  1],\n",
       "        [ 2,  3],\n",
       "        [ 4,  5],\n",
       "        [ 6,  7],\n",
       "        [ 8,  9],\n",
       "        [10, 11],\n",
       "        [12, 13],\n",
       "        [14, 15],\n",
       "        [16, 17],\n",
       "        [18, 19]],\n",
       "\n",
       "       [[20, 21],\n",
       "        [22, 23],\n",
       "        [24, 25],\n",
       "        [26, 27],\n",
       "        [28, 29],\n",
       "        [30, 31],\n",
       "        [32, 33],\n",
       "        [34, 35],\n",
       "        [36, 37],\n",
       "        [38, 39]]])"
      ]
     },
     "execution_count": 18,
     "metadata": {},
     "output_type": "execute_result"
    }
   ],
   "source": [
    "arr3d"
   ]
  },
  {
   "cell_type": "code",
   "execution_count": 28,
   "metadata": {
    "collapsed": false
   },
   "outputs": [
    {
     "data": {
      "text/plain": [
       "array([[[ 0,  1],\n",
       "        [20, 21]],\n",
       "\n",
       "       [[ 2,  3],\n",
       "        [22, 23]],\n",
       "\n",
       "       [[ 4,  5],\n",
       "        [24, 25]],\n",
       "\n",
       "       [[ 6,  7],\n",
       "        [26, 27]],\n",
       "\n",
       "       [[ 8,  9],\n",
       "        [28, 29]],\n",
       "\n",
       "       [[10, 11],\n",
       "        [30, 31]],\n",
       "\n",
       "       [[12, 13],\n",
       "        [32, 33]],\n",
       "\n",
       "       [[14, 15],\n",
       "        [34, 35]],\n",
       "\n",
       "       [[16, 17],\n",
       "        [36, 37]],\n",
       "\n",
       "       [[18, 19],\n",
       "        [38, 39]]])"
      ]
     },
     "execution_count": 28,
     "metadata": {},
     "output_type": "execute_result"
    }
   ],
   "source": [
    "arr3d.transpose((1,0,2))"
   ]
  },
  {
   "cell_type": "code",
   "execution_count": 33,
   "metadata": {
    "collapsed": false
   },
   "outputs": [
    {
     "data": {
      "text/plain": [
       "array([[ 0, 10, 20, 30, 40],\n",
       "       [ 1, 11, 21, 31, 41],\n",
       "       [ 2, 12, 22, 32, 42],\n",
       "       [ 3, 13, 23, 33, 43],\n",
       "       [ 4, 14, 24, 34, 44],\n",
       "       [ 5, 15, 25, 35, 45],\n",
       "       [ 6, 16, 26, 36, 46],\n",
       "       [ 7, 17, 27, 37, 47],\n",
       "       [ 8, 18, 28, 38, 48],\n",
       "       [ 9, 19, 29, 39, 49]])"
      ]
     },
     "execution_count": 33,
     "metadata": {},
     "output_type": "execute_result"
    }
   ],
   "source": [
    "arr.swapaxes(1,0)\n",
    "#similar to transpose"
   ]
  },
  {
   "cell_type": "code",
   "execution_count": null,
   "metadata": {
    "collapsed": true
   },
   "outputs": [],
   "source": []
  }
 ],
 "metadata": {
  "kernelspec": {
   "display_name": "Python [Root]",
   "language": "python",
   "name": "Python [Root]"
  },
  "language_info": {
   "codemirror_mode": {
    "name": "ipython",
    "version": 2
   },
   "file_extension": ".py",
   "mimetype": "text/x-python",
   "name": "python",
   "nbconvert_exporter": "python",
   "pygments_lexer": "ipython2",
   "version": "2.7.12"
  }
 },
 "nbformat": 4,
 "nbformat_minor": 0
}
